      48.6580
      48.6353
      48.6126
      48.5898
      48.5671
      48.5444
      48.5217
      48.4990
      48.4762
      48.4535
      48.4308
      48.4081
      48.3854
      48.3627
      48.3400
      48.3173
      48.2945
      48.2718
      48.2491
      48.2264
      48.2037
      48.1810
      48.1583
      48.1356
      48.1129
      48.0902
      48.0675
      48.0448
      48.0221
      47.9994
      47.9767
      47.9540
      47.9313
      47.9086
      47.8859
      47.8632
      47.8405
      47.8178
      47.7950
      47.7723
      47.7496
      47.7269
      47.7042
      47.6815
      47.6587
      47.6360
      47.6133
      47.5906
      47.5678
      47.5451
      47.5224
      47.4996
      47.4769
      47.4541
      47.3404
      47.3176
      47.2948
      47.2721
      47.2493
      47.2265
      47.2037
      47.1809
      47.1581
      47.1353
      47.1125
      47.0897
      47.0669
      47.0441
      47.0213
      46.9985
      46.9756
      46.9528
      46.9299
      46.9071
      46.8842
