       48.706903      -87.264496     -0.55607700       0
       48.691659      -87.270686     -0.60202456       1
       48.668795      -87.279966     -0.59877014       2
       48.645926      -87.289241     -0.60029602       3
       48.623057      -87.298504     -0.61402607       4
       48.600194      -87.307762     -0.66186380       5
       48.578171      -87.316673     -0.62035513       6
       48.555308      -87.325919     -0.60661077       7
       48.532437      -87.335163     -0.65716887       8
       48.509569      -87.344401     -0.62798166       9
       48.486700      -87.353634     -0.63255262      10
       48.463828      -87.362859     -0.60803556      11
       48.441804      -87.371734     -0.61859798      12
       48.418928      -87.380938     -0.56770086      13
       48.396049      -87.390129     -0.57215929      14
       48.373177      -87.399316     -0.57672644      15
       48.350303      -87.408499     -0.54927683      16
       48.327429      -87.417680     -0.55996084      17
       48.305403      -87.426521     -0.54917336      18
       48.282528      -87.435691     -0.55549097      19
       48.259652      -87.444854     -0.57718039      20
       48.236776      -87.454006     -0.56475639      21
       48.213899      -87.463150     -0.54631567      22
       48.191019      -87.472292     -0.56475639      23
       48.168990      -87.481085     -0.53254080      24
       48.146107      -87.490206     -0.54010630      25
       48.123228      -87.499325     -0.56017208      26
       48.100345      -87.508435     -0.53100920      27
       48.077464      -87.517543     -0.53092623      28
       48.055425      -87.526310     -0.50947046      29
       48.032541      -87.535409     -0.50786591      30
       48.009654      -87.544502     -0.50479698      31
       47.986768      -87.553585     -0.53100920      32
       47.963880      -87.562660     -0.52930832      33
       47.941843      -87.571396     -0.54295778      34
       47.918956      -87.580457     -0.52777863      35
       47.896066      -87.589510     -0.55069733      36
       47.873179      -87.598555     -0.54295778      37
       47.850287      -87.607595     -0.54576778      38
       47.828246      -87.616292     -0.54576778      39
       47.805355      -87.625316     -0.56898689      40
       47.782463      -87.634333     -0.53815365      41
       47.759572      -87.643345     -0.56111860      42
       47.736681      -87.652349     -0.53955173      43
       47.714634      -87.661023     -0.52559376      44
       47.691748      -87.670023     -0.54868126      45
       47.668856      -87.679023     -0.54398298      46
       47.645968      -87.688014     -0.53485537      47
       47.623074      -87.696994     -0.56220484      48
       47.601030      -87.705635     -0.55157900      49
       47.578139      -87.714597     -0.53320217      50
       47.555242      -87.723552     -0.52559376      51
       47.532346      -87.732501     -0.52114916      52
       47.322870      -87.814110     -0.42757416      53
       47.305060      -87.821022     -0.41238928      54
       47.282159      -87.829905     -0.38484001      55
       47.259259      -87.838783     -0.44276524      56
       47.236355      -87.847659     -0.38423014      57
       47.213453      -87.856529     -0.42775106      58
       47.191393      -87.865065     -0.45699883      59
       47.168488      -87.873923     -0.44305849      60
       47.145580      -87.882770     -0.41067314      61
       47.122673      -87.891608     -0.40910244      62
       47.099764      -87.900439     -0.40915346      63
       47.076856      -87.909260     -0.38905239      64
       47.053948      -87.918083     -0.37481499      65
       47.031039      -87.926899     -0.33727455      66
       47.008979      -87.935383     -0.17765379      67
       46.986068      -87.944188     -0.10473061      68
       46.967397      -87.951354     -0.14718342      69
